# This file contains data definitions
# and constants defined for the shiny app
# UI.
BOROUGHS <- c(
    "BRONX",
    "BROOKLYN",
    "MANHATTAN",
    "QUEENS",
    "STATEN ISLAND",
    "ALL"
)

AFFECTED_PARTY <- c(
    "Cars",
    "Pedestrians",
    "Cyclist",
    "Motorists",
    "All"
)

BOROUGHS.COORDINATES <- list(
    "BRONX" = c(40.846201131676054, -73.86021250236273),
    "BROOKLYN" = c(40.68149111141018, -73.94917035676126),
    "MANHATTAN" = c(40.78332824172896, -73.970040318962),
    "QUEENS" = c(40.72955087395031, -73.79978798935333),
    "STATEN ISLAND" = c(40.57954381718645, -74.15939820828588)
)
